14D,25 Jun 2025,.015,.017,.013,.016,2665153
1AD,25 Jun 2025,.002,.002,.002,.002,2182597
1AE,25 Jun 2025,.054,.054,.05,.052,89187
1AI,25 Jun 2025,.005,.005,.005,.005,95760
1CG,25 Jun 2025,.008,.008,.008,.008,367459
1GOV,25 Jun 2025,52.3,52.33,52.29,52.31,233
1MC,25 Jun 2025,.017,.017,.015,.015,1260456
29M,25 Jun 2025,.245,.25,.24,.25,2530593
360,25 Jun 2025,31.83,31.9,31.25,31.4,358812
3DA,25 Jun 2025,.36,.365,.335,.345,473266
3DP,25 Jun 2025,.043,.044,.042,.042,715591
3PL,25 Jun 2025,.65,.65,.65,.65,1996
4DS,25 Jun 2025,.025,.026,.025,.025,842444
4DX,25 Jun 2025,.255,.265,.25,.25,735366
4DXOA,25 Jun 2025,.019,.019,.019,.019,27778
5EA,25 Jun 2025,.54,.56,.53,.535,71906
5GG,25 Jun 2025,.026,.027,.023,.025,682734
5GN,25 Jun 2025,.14,.14,.135,.135,184396
5GOV,25 Jun 2025,53.46,53.58,53.43,53.58,1860
88E,25 Jun 2025,.024,.024,.021,.022,5207620
8CO,25 Jun 2025,.018,.018,.018,.018,25423
A11,25 Jun 2025,.16,.165,.155,.155,40109
A1G,25 Jun 2025,.175,.19,.17,.185,2949410
A1M,25 Jun 2025,.305,.305,.3,.3,1185974
A1N,25 Jun 2025,.48,.49,.475,.48,100328
A200,25 Jun 2025,143.59,143.87,143.39,143.59,54544
A2M,25 Jun 2025,7.8,7.895,7.78,7.84,1854639
A2M4N8,25 Jun 2025,.24,.24,.24,.24,8
A2MBM7,25 Jun 2025,.59,.59,.59,.59,6
